     1.000000 0.018238 
     2.000000 0.022947 
     3.000000 0.035518 
     4.000000 0.036405 
     5.000000 -0.007566 
     6.000000 0.035373 
     7.000000 0.033820 
     8.000000 0.035713 
     9.000000 0.043294 
     10.000000 0.003047 
     11.000000 0.020380 
     12.000000 0.022031 
     13.000000 0.035663 
     14.000000 0.042543 
     15.000000 0.033206 
     16.000000 0.026130 
     17.000000 0.028339 
     18.000000 0.043625 
     19.000000 0.019063 
     20.000000 0.032725 
     21.000000 0.024342 
     22.000000 0.044624 
     23.000000 0.033453 
     24.000000 0.015734 
     25.000000 0.018747 
     26.000000 0.037303 
     27.000000 0.033116 
     28.000000 0.040090 
     29.000000 0.020410 
     30.000000 -0.000133 
     31.000000 0.025589 
     32.000000 0.044896 
     33.000000 0.040468 
     34.000000 0.038090 
     35.000000 0.028785 
     36.000000 0.023784 
     37.000000 0.007284 
     38.000000 0.029415 
     39.000000 0.031881 
     40.000000 0.016850 
     41.000000 0.041630 
     42.000000 0.019397 
     43.000000 0.032499 
     44.000000 0.010437 
     45.000000 0.044925 
     46.000000 0.026557 
     47.000000 0.023825 
     48.000000 0.033902 
     49.000000 0.022123 
     50.000000 0.018066 
     51.000000 0.032131 
     52.000000 0.037639 
     53.000000 0.014427 
     54.000000 0.006478 
     55.000000 0.038752 
     56.000000 0.023995 
     57.000000 0.031883 
     58.000000 0.002666 
     59.000000 -0.016545 
     60.000000 0.047387 
     61.000000 0.039606 
     62.000000 0.005541 
     63.000000 0.037121 
     64.000000 0.001444 
     65.000000 0.035268 
     66.000000 0.035541 
     67.000000 0.038160 
     68.000000 0.030370 
     69.000000 0.035243 
     70.000000 0.025303 
     71.000000 0.016513 
     72.000000 0.014223 
     73.000000 0.041490 
     74.000000 0.028952 
     75.000000 0.032845 
     76.000000 0.014734 
     77.000000 0.033025 
     78.000000 0.035295 
     79.000000 0.021989 
     80.000000 0.017419 
     81.000000 0.038918 
     82.000000 0.031309 
     83.000000 0.032001 
     84.000000 0.024998 
     85.000000 0.035402 
     86.000000 0.043111 
     87.000000 0.015097 
     88.000000 0.026812 
     89.000000 0.034741 
     90.000000 0.025076 
     91.000000 0.042247 
     92.000000 0.029420 
     93.000000 0.039783 
     94.000000 0.038020 
     95.000000 0.020525 
     96.000000 0.021746 
     97.000000 0.039670 
     98.000000 0.012876 
     99.000000 0.029931 
     100.000000 0.010192 
     101.000000 0.033084 
     102.000000 0.022864 
     103.000000 0.031396 
     104.000000 0.019124 
     105.000000 0.037433 
     106.000000 0.028423 
     107.000000 0.019558 
     108.000000 0.028115 
     109.000000 0.004485 
     110.000000 0.011357 
     111.000000 0.023645 
     112.000000 0.032835 
     113.000000 0.045943 
     114.000000 0.029511 
     115.000000 0.012399 
     116.000000 0.028187 
     117.000000 -0.003015 
     118.000000 0.015362 
     119.000000 0.017578 
     120.000000 0.043791 
     121.000000 0.030635 
     122.000000 -0.000637 
     123.000000 0.034891 
     124.000000 0.035197 
     125.000000 0.011998 
     126.000000 0.026641 
     127.000000 0.031575 
     128.000000 0.033978 
     129.000000 0.030463 
     130.000000 0.026414 
     131.000000 0.035413 
     132.000000 0.023411 
     133.000000 0.036960 
     134.000000 0.035424 
     135.000000 -0.000497 
     136.000000 0.021160 
     137.000000 0.011462 
     138.000000 0.025087 
     139.000000 0.034640 
     140.000000 0.022115 
     141.000000 0.020520 
     142.000000 0.035565 
     143.000000 0.022318 
     144.000000 0.016829 
     145.000000 0.037633 
     146.000000 0.031031 
     147.000000 0.030403 
     148.000000 0.036584 
     149.000000 0.010085 
     150.000000 0.039135 
     151.000000 0.020856 
     152.000000 0.015288 
     153.000000 0.021452 
     154.000000 0.016096 
     155.000000 -0.012998 
     156.000000 0.036000 
     157.000000 0.034613 
     158.000000 0.031318 
     159.000000 0.019552 
     160.000000 0.036845 
     161.000000 0.039399 
     162.000000 0.030752 
     163.000000 0.029601 
     164.000000 0.027385 
     165.000000 0.020339 
     166.000000 0.033256 
     167.000000 0.025773 
     168.000000 0.025852 
     169.000000 0.035215 
     170.000000 0.036232 
     171.000000 0.036326 
     172.000000 0.031588 
     173.000000 0.022848 
     174.000000 0.025644 
     175.000000 0.019283 
     176.000000 0.008838 
     177.000000 0.037131 
     178.000000 0.039824 
     179.000000 0.041138 
     180.000000 0.036721 
     181.000000 0.033911 
     182.000000 0.032722 
     183.000000 0.028781 
     184.000000 0.033857 
     185.000000 0.024611 
     186.000000 0.030602 
     187.000000 0.039939 
     188.000000 0.031518 
     189.000000 0.043407 
     190.000000 0.033155 
     191.000000 0.010831 
     192.000000 0.033183 
     193.000000 0.043715 
     194.000000 0.015691 
     195.000000 0.041242 
     196.000000 0.018697 
     197.000000 -0.009598 
     198.000000 0.033084 
     199.000000 0.039586 
     200.000000 0.039428 
     201.000000 0.017436 
     202.000000 0.026465 
     203.000000 0.013990 
     204.000000 0.032092 
     205.000000 0.020220 
     206.000000 0.022150 
     207.000000 0.007362 
     208.000000 0.029140 
     209.000000 0.033475 
     210.000000 0.034839 
     211.000000 0.041999 
     212.000000 0.031735 
     213.000000 0.036879 
     214.000000 0.031963 
     215.000000 0.039675 
     216.000000 0.030709 
     217.000000 -0.016271 
     218.000000 0.022206 
     219.000000 0.027129 
     220.000000 0.028858 
     221.000000 0.045980 
     222.000000 0.025940 
     223.000000 0.040717 
     224.000000 0.020798 
     225.000000 0.022133 
     226.000000 0.011855 
     227.000000 0.038958 
     228.000000 0.023376 
     229.000000 0.026269 
     230.000000 0.025712 
     231.000000 0.027955 
     232.000000 0.041655 
     233.000000 0.041603 
     234.000000 0.041318 
     235.000000 -0.020010 
     236.000000 0.034214 
     237.000000 0.020730 
     238.000000 0.040390 
     239.000000 0.023947 
     240.000000 0.024355 
     241.000000 0.041120 
     242.000000 0.010287 
     243.000000 0.038467 
     244.000000 0.041413 
     245.000000 0.014088 
     246.000000 0.040348 
     247.000000 0.018798 
     248.000000 0.034560 
     249.000000 0.035462 
     250.000000 0.029036 
     251.000000 -0.029029 
     252.000000 -0.046011 
     253.000000 -0.016866 
     254.000000 -0.025222 
     255.000000 -0.026894 
     256.000000 -0.029726 
     257.000000 -0.005677 
     258.000000 -0.030634 
     259.000000 -0.028027 
     260.000000 -0.008436 
     261.000000 -0.041858 
     262.000000 -0.029906 
     263.000000 -0.001775 
     264.000000 -0.021841 
     265.000000 -0.051932 
     266.000000 -0.027470 
     267.000000 -0.032208 
     268.000000 -0.003547 
     269.000000 0.001114 
     270.000000 -0.036861 
     271.000000 -0.027060 
     272.000000 -0.023053 
     273.000000 -0.034141 
     274.000000 -0.023187 
     275.000000 -0.020928 
     276.000000 -0.022842 
     277.000000 -0.028727 
     278.000000 -0.047690 
     279.000000 -0.018600 
     280.000000 -0.022124 
     281.000000 -0.034686 
     282.000000 -0.000892 
     283.000000 -0.039012 
     284.000000 -0.005631 
     285.000000 -0.027709 
     286.000000 -0.038422 
     287.000000 -0.016937 
     288.000000 -0.036480 
     289.000000 -0.019026 
     290.000000 -0.043546 
     291.000000 -0.044572 
     292.000000 -0.024944 
     293.000000 -0.039791 
     294.000000 -0.012506 
     295.000000 -0.031879 
     296.000000 -0.044181 
     297.000000 -0.043092 
     298.000000 -0.042053 
     299.000000 -0.045807 
     300.000000 -0.036777 
     301.000000 -0.029454 
     302.000000 -0.034898 
     303.000000 -0.040432 
     304.000000 -0.004125 
     305.000000 -0.038621 
     306.000000 -0.031319 
     307.000000 -0.048740 
     308.000000 -0.037475 
     309.000000 -0.035506 
     310.000000 -0.045255 
     311.000000 -0.027043 
     312.000000 -0.030778 
     313.000000 -0.032744 
     314.000000 -0.022947 
     315.000000 0.013219 
     316.000000 -0.042540 
     317.000000 -0.021112 
     318.000000 -0.026043 
     319.000000 -0.023698 
     320.000000 -0.038999 
     321.000000 -0.012804 
     322.000000 -0.019913 
     323.000000 -0.025595 
     324.000000 -0.019890 
     325.000000 -0.031985 
     326.000000 -0.044062 
     327.000000 -0.039850 
     328.000000 -0.032699 
     329.000000 -0.015016 
     330.000000 -0.032089 
     331.000000 -0.040711 
     332.000000 -0.037647 
     333.000000 -0.037225 
     334.000000 -0.039003 
     335.000000 -0.045559 
     336.000000 -0.010998 
     337.000000 -0.022570 
     338.000000 -0.033927 
     339.000000 -0.037857 
     340.000000 -0.042471 
     341.000000 -0.028089 
     342.000000 -0.035549 
     343.000000 -0.043339 
     344.000000 -0.039201 
     345.000000 -0.030935 
     346.000000 -0.036427 
     347.000000 -0.027219 
     348.000000 -0.015419 
     349.000000 -0.031014 
     350.000000 -0.044481 
     351.000000 -0.036918 
     352.000000 -0.012667 
     353.000000 -0.028108 
     354.000000 -0.047738 
     355.000000 -0.044921 
     356.000000 -0.040003 
     357.000000 -0.034572 
     358.000000 -0.048524 
     359.000000 -0.040152 
     360.000000 -0.028044 
     361.000000 -0.025305 
     362.000000 -0.018784 
     363.000000 -0.038228 
     364.000000 -0.008756 
     365.000000 -0.015655 
     366.000000 -0.018936 
     367.000000 -0.010736 
     368.000000 -0.015140 
     369.000000 -0.029628 
     370.000000 -0.031159 
     371.000000 -0.042625 
     372.000000 -0.041544 
     373.000000 -0.033779 
     374.000000 -0.045497 
     375.000000 -0.018411 
     376.000000 -0.012783 
     377.000000 -0.023153 
     378.000000 -0.026008 
     379.000000 -0.040180 
     380.000000 -0.033861 
     381.000000 -0.009545 
     382.000000 -0.039737 
     383.000000 -0.031183 
     384.000000 0.004742 
     385.000000 -0.037919 
     386.000000 -0.016310 
     387.000000 -0.039483 
     388.000000 -0.047670 
     389.000000 -0.039055 
     390.000000 0.002017 
     391.000000 -0.040776 
     392.000000 -0.041148 
     393.000000 -0.013055 
     394.000000 -0.047735 
     395.000000 -0.037432 
     396.000000 -0.020113 
     397.000000 -0.027004 
     398.000000 -0.038826 
     399.000000 -0.043607 
     400.000000 -0.023991 
     401.000000 -0.044152 
     402.000000 -0.031716 
     403.000000 -0.036195 
     404.000000 -0.035571 
     405.000000 -0.044394 
     406.000000 -0.043416 
     407.000000 -0.005987 
     408.000000 -0.034278 
     409.000000 -0.027009 
     410.000000 -0.041816 
     411.000000 -0.044451 
     412.000000 -0.019723 
     413.000000 -0.023194 
     414.000000 -0.035725 
     415.000000 -0.034715 
     416.000000 -0.048421 
     417.000000 -0.037056 
     418.000000 -0.039093 
     419.000000 -0.026583 
     420.000000 -0.050929 
     421.000000 -0.034998 
     422.000000 -0.019888 
     423.000000 -0.009487 
     424.000000 -0.023251 
     425.000000 -0.046708 
     426.000000 -0.040353 
     427.000000 -0.015651 
     428.000000 -0.034609 
     429.000000 0.007261 
     430.000000 -0.041368 
     431.000000 -0.034402 
     432.000000 -0.015038 
     433.000000 -0.040755 
     434.000000 -0.039700 
     435.000000 -0.034298 
     436.000000 -0.024787 
     437.000000 -0.024946 
     438.000000 -0.027545 
     439.000000 -0.037717 
     440.000000 -0.026917 
     441.000000 -0.017865 
     442.000000 -0.024767 
     443.000000 -0.023019 
     444.000000 -0.016168 
     445.000000 -0.036285 
     446.000000 -0.038943 
     447.000000 -0.027633 
     448.000000 -0.045603 
     449.000000 -0.023427 
     450.000000 -0.004605 
     451.000000 -0.046866 
     452.000000 -0.034289 
     453.000000 -0.031105 
     454.000000 -0.020220 
     455.000000 -0.045187 
     456.000000 -0.021003 
     457.000000 -0.034865 
     458.000000 -0.044557 
     459.000000 -0.025536 
     460.000000 -0.038542 
     461.000000 -0.038569 
     462.000000 -0.036303 
     463.000000 -0.031923 
     464.000000 -0.025782 
     465.000000 -0.017711 
     466.000000 -0.033059 
     467.000000 -0.029793 
     468.000000 -0.026660 
     469.000000 -0.051719 
     470.000000 -0.041155 
     471.000000 -0.048065 
     472.000000 -0.042638 
     473.000000 -0.039452 
     474.000000 -0.027591 
     475.000000 -0.038863 
     476.000000 -0.036498 
     477.000000 -0.046488 
     478.000000 -0.028237 
     479.000000 -0.039291 
     480.000000 -0.044316 
     481.000000 -0.037796 
     482.000000 -0.037517 
     483.000000 -0.040137 
     484.000000 -0.028222 
     485.000000 -0.030382 
     486.000000 -0.036117 
     487.000000 0.008748 
     488.000000 -0.030986 
     489.000000 -0.045261 
     490.000000 -0.039194 
     491.000000 -0.019573 
     492.000000 -0.034504 
     493.000000 -0.043478 
     494.000000 -0.030093 
     495.000000 -0.025435 
     496.000000 -0.021631 
     497.000000 -0.047048 
     498.000000 -0.040662 
     499.000000 -0.036109 
     500.000000 -0.052270