     1 0.025878 
     2 0.048447 
     3 0.040433 
     4 0.004134 
     5 0.027108 
     6 0.022767 
     7 0.069081 
     8 0.037213 
     9 0.039721 
     10 0.063165 
     11 0.051023 
     12 0.041534 
     13 0.013409 
     14 0.009359 
     15 0.061663 
     16 0.053489 
     17 0.010269 
     18 0.026235 
     19 0.042254 
     20 0.042297 
     21 0.045249 
     22 0.027799 
     23 0.087390 
     24 0.042627 
     25 0.038076 
     26 0.008749 
     27 0.053429 
     28 0.028823 
     29 0.066965 
     30 -0.032080 
     31 0.058925 
     32 0.024351 
     33 0.044598 
     34 0.023467 
     35 0.060626 
     36 0.004707 
     37 0.065293 
     38 0.050248 
     39 0.027713 
     40 0.086413 
     41 0.088685 
     42 0.052097 
     43 -0.010232 
     44 0.073109 
     45 0.023472 
     46 0.022600 
     47 0.032937 
     48 0.017175 
     49 0.011713 
     50 0.053362 
     51 0.024128 
     52 0.052059 
     53 0.036600 
     54 0.064207 
     55 0.021570 
     56 0.030963 
     57 -0.010616 
     58 0.039466 
     59 0.038999 
     60 0.062436 
     61 0.076294 
     62 0.057448 
     63 0.085839 
     64 0.031407 
     65 0.011276 
     66 0.034097 
     67 -0.005945 
     68 0.035544 
     69 0.058868 
     70 0.010400 
     71 0.043347 
     72 0.003765 
     73 0.045256 
     74 0.052788 
     75 0.036769 
     76 0.011392 
     77 0.028992 
     78 0.020539 
     79 0.024646 
     80 0.037602 
     81 0.038387 
     82 0.042462 
     83 0.047099 
     84 0.029679 
     85 0.037110 
     86 0.044499 
     87 0.046525 
     88 0.058209 
     89 0.019594 
     90 0.036098 
     91 0.059189 
     92 0.023139 
     93 0.014943 
     94 0.042258 
     95 0.059658 
     96 0.010424 
     97 0.076090 
     98 0.026757 
     99 0.013465 
     100 0.075178 
     101 0.005720 
     102 0.077724 
     103 0.081147 
     104 0.071963 
     105 0.041364 
     106 0.097542 
     107 0.056589 
     108 0.005010 
     109 0.047127 
     110 0.071720 
     111 0.048092 
     112 0.040530 
     113 0.025191 
     114 0.062356 
     115 0.044072 
     116 0.034877 
     117 0.060818 
     118 0.003372 
     119 0.020245 
     120 0.047144 
     121 0.034794 
     122 0.058347 
     123 0.025945 
     124 0.069250 
     125 0.031129 
     126 0.051490 
     127 0.018851 
     128 0.051568 
     129 0.034843 
     130 0.009113 
     131 0.022519 
     132 -0.003531 
     133 0.031159 
     134 0.022921 
     135 0.049919 
     136 0.054826 
     137 0.041089 
     138 0.022412 
     139 0.059854 
     140 0.035054 
     141 0.046903 
     142 0.043979 
     143 0.044722 
     144 -0.010801 
     145 0.016936 
     146 0.018368 
     147 0.066121 
     148 0.013072 
     149 0.032503 
     150 0.015997 
     151 0.023342 
     152 0.044618 
     153 0.052128 
     154 0.069064 
     155 0.055693 
     156 0.032260 
     157 0.061011 
     158 0.080172 
     159 0.072636 
     160 0.034446 
     161 0.062611 
     162 0.071117 
     163 0.027664 
     164 0.035626 
     165 0.066930 
     166 0.065342 
     167 0.027150 
     168 0.030713 
     169 -0.000813 
     170 0.026831 
     171 0.030186 
     172 0.033334 
     173 0.014986 
     174 0.003200 
     175 0.049073 
     176 0.013291 
     177 0.025870 
     178 0.031620 
     179 0.038722 
     180 0.039105 
     181 0.052512 
     182 0.050931 
     183 0.066413 
     184 0.048020 
     185 0.011159 
     186 0.038288 
     187 0.071969 
     188 0.034289 
     189 0.013038 
     190 0.030470 
     191 0.037586 
     192 0.020611 
     193 0.049068 
     194 0.014992 
     195 0.075557 
     196 0.056817 
     197 0.019350 
     198 0.062702 
     199 0.040963 
     200 0.037301 
     201 0.070129 
     202 0.022150 
     203 0.019872 
     204 0.041306 
     205 0.045143 
     206 0.059765 
     207 0.038686 
     208 0.040847 
     209 0.012993 
     210 0.049640 
     211 0.029361 
     212 0.032465 
     213 0.050668 
     214 0.064898 
     215 0.055949 
     216 0.030400 
     217 0.023507 
     218 0.041745 
     219 0.069597 
     220 0.026384 
     221 0.040761 
     222 0.028650 
     223 0.088589 
     224 0.071233 
     225 0.027260 
     226 0.043936 
     227 0.063549 
     228 0.060339 
     229 0.087127 
     230 0.050110 
     231 -0.000708 
     232 0.039990 
     233 0.021526 
     234 0.017746 
     235 0.018338 
     236 0.055970 
     237 0.031914 
     238 0.020818 
     239 0.025305 
     240 0.036661 
     241 0.046113 
     242 0.069476 
     243 0.038312 
     244 0.029029 
     245 0.026389 
     246 0.076120 
     247 0.034160 
     248 0.003479 
     249 0.040853 
     250 0.059152 
     251 -0.023937 
     252 -0.033128 
     253 -0.057055 
     254 -0.027071 
     255 -0.046993 
     256 -0.006984 
     257 -0.024572 
     258 -0.041378 
     259 -0.012968 
     260 -0.018070 
     261 -0.051790 
     262 -0.061802 
     263 -0.022741 
     264 -0.059912 
     265 -0.065488 
     266 -0.059282 
     267 -0.044304 
     268 -0.063075 
     269 -0.067419 
     270 -0.027192 
     271 -0.025602 
     272 -0.063896 
     273 -0.041217 
     274 -0.090291 
     275 -0.063139 
     276 -0.029095 
     277 -0.037422 
     278 -0.083722 
     279 -0.034281 
     280 -0.060694 
     281 -0.038245 
     282 -0.040896 
     283 -0.051128 
     284 -0.063760 
     285 -0.051210 
     286 -0.005016 
     287 -0.052299 
     288 -0.029805 
     289 -0.042982 
     290 -0.015326 
     291 -0.042653 
     292 -0.023054 
     293 0.000417 
     294 0.004365 
     295 -0.064248 
     296 -0.046664 
     297 -0.066773 
     298 -0.037445 
     299 -0.032499 
     300 -0.034975 
     301 -0.051511 
     302 -0.046602 
     303 -0.052829 
     304 -0.053732 
     305 -0.029153 
     306 -0.011959 
     307 -0.070946 
     308 -0.060789 
     309 -0.095407 
     310 -0.026958 
     311 -0.007600 
     312 -0.042970 
     313 -0.033044 
     314 -0.037291 
     315 -0.020490 
     316 -0.042119 
     317 -0.036353 
     318 -0.037327 
     319 -0.031107 
     320 -0.043853 
     321 -0.072088 
     322 -0.065232 
     323 -0.024990 
     324 -0.049150 
     325 -0.043263 
     326 -0.051584 
     327 -0.037589 
     328 -0.036921 
     329 -0.056102 
     330 -0.058239 
     331 -0.039793 
     332 -0.026536 
     333 -0.019597 
     334 -0.040986 
     335 -0.032035 
     336 -0.030490 
     337 -0.052982 
     338 -0.044147 
     339 -0.022925 
     340 0.001502 
     341 -0.075246 
     342 -0.028140 
     343 -0.065795 
     344 -0.040143 
     345 -0.034608 
     346 -0.067285 
     347 -0.044756 
     348 -0.006684 
     349 -0.021476 
     350 -0.019539 
     351 -0.047214 
     352 -0.057889 
     353 -0.080701 
     354 -0.058725 
     355 -0.021521 
     356 -0.021505 
     357 -0.046691 
     358 -0.083854 
     359 -0.070485 
     360 -0.029190 
     361 -0.063675 
     362 -0.041391 
     363 -0.040978 
     364 -0.036742 
     365 0.002686 
     366 0.002962 
     367 0.004814 
     368 -0.008618 
     369 -0.041717 
     370 -0.045830 
     371 -0.034675 
     372 -0.002756 
     373 -0.050944 
     374 -0.062923 
     375 -0.064721 
     376 -0.061285 
     377 -0.058968 
     378 -0.077161 
     379 -0.037773 
     380 -0.068037 
     381 -0.043596 
     382 -0.033161 
     383 -0.029434 
     384 -0.028183 
     385 -0.024571 
     386 -0.029641 
     387 -0.019450 
     388 -0.068165 
     389 -0.032937 
     390 -0.073396 
     391 0.007798 
     392 -0.034351 
     393 -0.019535 
     394 -0.035582 
     395 -0.049724 
     396 -0.028167 
     397 -0.032365 
     398 -0.078276 
     399 -0.033427 
     400 -0.044235 
     401 -0.009130 
     402 -0.046463 
     403 -0.056222 
     404 -0.022970 
     405 -0.031064 
     406 -0.019513 
     407 -0.032882 
     408 -0.017822 
     409 -0.044524 
     410 -0.026478 
     411 -0.069610 
     412 -0.032635 
     413 -0.054203 
     414 -0.014817 
     415 -0.068693 
     416 -0.055782 
     417 -0.041046 
     418 -0.022876 
     419 -0.062198 
     420 -0.030694 
     421 -0.071644 
     422 -0.030268 
     423 -0.055126 
     424 -0.034854 
     425 -0.010582 
     426 -0.035022 
     427 -0.047421 
     428 -0.050286 
     429 -0.066325 
     430 -0.030629 
     431 -0.055849 
     432 -0.021261 
     433 -0.025742 
     434 -0.076096 
     435 -0.036758 
     436 -0.026523 
     437 -0.042092 
     438 -0.054086 
     439 -0.005154 
     440 -0.024998 
     441 -0.048974 
     442 -0.018765 
     443 0.001899 
     444 -0.050274 
     445 -0.007861 
     446 -0.038713 
     447 -0.023650 
     448 -0.027646 
     449 -0.046619 
     450 -0.021069 
     451 -0.031667 
     452 -0.027506 
     453 -0.036404 
     454 -0.060756 
     455 -0.040441 
     456 -0.066990 
     457 -0.008370 
     458 -0.049418 
     459 -0.059340 
     460 -0.039753 
     461 -0.010178 
     462 -0.045462 
     463 -0.046865 
     464 -0.037562 
     465 -0.037639 
     466 -0.037755 
     467 -0.055429 
     468 -0.041066 
     469 -0.038156 
     470 -0.029791 
     471 -0.050655 
     472 -0.072772 
     473 -0.065880 
     474 -0.057124 
     475 -0.037105 
     476 -0.018646 
     477 -0.051788 
     478 -0.047858 
     479 -0.000980 
     480 -0.031907 
     481 -0.047170 
     482 -0.023319 
     483 -0.004367 
     484 -0.028122 
     485 -0.044818 
     486 -0.038366 
     487 -0.023285 
     488 -0.032969 
     489 -0.045993 
     490 -0.039496 
     491 -0.024608 
     492 -0.037605 
     493 -0.016517 
     494 -0.033978 
     495 -0.039257 
     496 -0.048107 
     497 -0.026156 
     498 -0.021196 
     499 -0.021707 
     500 -0.082864